3481
6857
7358
9567
7917
8163
7198
4621
4993
4590
473
6837
1892
1294
9091
2654
5902
2900
7534
7350
9052
1254
3539
9259
9867
8981
5128
2439
2907
8823
7012
850
3452
7901
7460
9673
9608
571
3509
2917
1858
381
6229
7649
6205
8463
4623
7465
1833
278
7082
1176
2293
1270
4667
1312
6821
2780
7574
914
7046
704
8576
4180
7663
4136
4423
3463
2655
2090
3346
8559
6285
4742
73
2673
4555
3142
923
5634
7621
3634
6729
8307
7352
9684
8505
3730
1500
3284
8876
459
5823
509
339
5650
1146
6069
949
3377
6871
2956
2012
8634
548
6373
990
178
7342
6553
9546
2302
2712
5265
4923
3078
4516
6049
6629
53
9569
7890
4874
1543
392
2477
1901
5603
6258
5773
5379
619
7372
2686
2381
3287
5877
7800
3901
996
9938
9700
2198
5538
8168
1346
6131
3524
350
7081
4847
7185
3558
6635
8940
520
2553
8880
7449
7092
1302
9528
4841
9501
8254
7353
2133
1807
6517
5349
7572
727
1091
9612
5114
2222
7160
9895
5721
4426
7879
9526
6430
14
308
1021
6612
6257
8590
4749
9511
4154
7772
1192
1044
1306
397
9344
6282
8130
9254
3895
7585
698
7652
1200
8492
737
4643
9
5839
8619
7070
5117
3893
3880
2034
8992
771
565
1607
7640
2537
8971
5497
7200
3907
9215
2445
2788
3282
6233
9338
4465
3093
9613
5660
9014
9487
5544
797
2468
5038
4340
1777
6817
9292
9158
3922
3195
7835
9406
1773
6259
5828
2009
7319
970
1921
2729
505
4619
7708
5514
7079
8171
1086
421
279
834
6918
7069
5762
997
5562
2772
5881
4230
4776
1547
1899
9448
819
587
3872
8124
3831
5194
3733
4237
6158
7056
3746
2179
2762
8326
5971
6848
5531
1050
8840
2572
9099
8246
9875
7937
6722
6540
4746
1382
8914
5055
4813
9079
4158
4682
8158
1271
6125
4820
7991
8991
7731
3796
2154
8962
3670
6910
6670
1276
5160
1032
5262
414
2844
1511
5621
7910
9068
9304
9986
2910
2659
9286
7269
857
9538
3357
8193
3338
2191
5340
8043
1448
8309
2277
8310
2256
6487
6634
299
685
2170
2912
4699
2166
8742
6115
1458
7462
5343
5298
6535
2199
6399
9171
3225
1082
5915
2884
1243
3254
499
181
1554
2888
9870
1855
130
9543
54
5296
648
854
6982
5477
6291
9429
5415
1384
8350
4365
1373
1080
139
9225
3249
6239
5836
5987
2126
7864
6876
699
909
9139
9920
7490
3375
4428
9626
7824
8445
9657
9508
8242
9980
4396
5093
5215
5005
347
7190
6367
3497
1549
3683
2340
2300
6415
2275
4220
7363
4653
5750
2848
4942
1204
5274
5824
336
1209
7825
7346
4548
4583
9479
5108
8061
2520
5098
5342
6287
8846
3423
720
7990
5999
1589
1475
6242
444
7535
244
43
8910
1853
2398
8088
3413
7235
6053
5737
458
4452
4346
2474
4680
3106
5136
7105
3276
5236
9804
2442
9039
5371
4698
5569
9153
